13,3
13,0
14,3
14,0
4,3
4,2
4,1
4,0
3,6
3,5
3,4
3,3
3,2
3,1
3,0
2,2
1,2
1,1
0,301
1,3
0,243
1,0
2,1
2,3
2,0
0,9
0,310
0,305
0,308
0,304
0,303
0,302
0,307
0,12
0,10
0,8
0,0
0,329
0,300
0,389
0,299
0,445
0,298
0,355
0,297
0,436
0,296
0,400
0,295
0,444
0,294
0,417
0,293
0,377
0,292
0,334
0,291
0,326
0,290
0,318
0,289
0,410
0,288
0,339
0,287
0,354
0,286
0,346
0,285
0,311
0,284
0,325
0,283
0,441
0,282
0,404
0,281
0,437
0,280
0,360
0,279
0,324
0,278
0,342
0,277
0,348
0,276
0,413
0,275
0,438
0,274
0,429
0,273
0,418
0,272
0,352
0,271
0,420
0,270
0,361
0,269
0,433
0,268
0,407
0,267
0,415
0,266
0,357
0,265
0,337
0,264
0,344
0,263
0,414
0,262
0,367
0,261
0,435
0,260
0,432
0,259
0,319
0,258
0,323
0,257
0,434
0,256
0,333
0,255
0,406
0,254
0,345
0,253
0,252
0,398
0,251
0,350
0,250
0,330
0,249
0,386
0,248
0,312
0,247
0,306
0,246
0,426
0,245
0,383
0,244
0,353
0,242
0,421
0,241
0,340
0,240
0,431
0,239
0,336
0,238
0,347
0,237
0,370
0,236
0,430
0,235
0,412
0,234
0,343
0,233
0,341
0,232
0,428
0,231
0,372
0,230
0,403
0,229
0,338
0,228
0,321
0,227
0,388
0,226
0,402
0,225
0,368
0,224
0,371
0,223
0,222
0,320
0,221
0,369
0,220
0,427
0,219
0,401
0,218
0,399
0,217
0,309
0,216
0,392
0,215
0,317
0,214
0,397
0,213
0,316
0,212
0,331
0,211
0,315
0,210
0,209
0,384
0,208
0,442
0,207
0,394
0,206
0,391
0,205
0,380
0,204
0,203
0,314
0,202
0,201
0,382
0,200
0,409
0,199
0,422
0,198
0,447
0,197
0,440
0,196
0,349
0,195
0,335
0,194
0,193
0,363
0,192
0,443
0,63
0,313
0,62
0,61
0,359
0,60
0,395
0,59
0,358
0,58
0,328
0,57
0,379
0,56
0,378
0,55
0,376
0,54
0,356
0,53
0,419
0,52
0,332
0,51
0,365
0,50
0,446
0,49
0,416
0,48
0,439
0,47
0,390
0,46
0,327
0,45
0,351
0,6
0,5
0,1
0,11
0,4
0,2
0,3
0,7
